The graph file is:  B2.txt
The corrupted file is:  no_cor.txt

The graph is:
[[-1.  -1.   0.5 -1.   0.5  0.9]
 [-1.  -1.  -1.  -1.   0.4  0.5]
 [ 0.5 -1.  -1.   0.5  0.3 -1. ]
 [-1.  -1.   0.5 -1.  -1.  -1. ]
 [ 0.5  0.4  0.3 -1.  -1.   0.5]
 [ 0.9  0.5 -1.  -1.   0.5 -1. ]]

The corrupted users are:
[]

The final channel is:
   '100000'  '010000'  '001000'  '000100'  '000010'  '000001'  '111000'  \
0   0.03125   0.03125   0.03125   0.03125   0.03125   0.03125   0.03125   
1   0.03125   0.03125   0.03125   0.03125   0.03125   0.03125   0.03125   
2   0.03125   0.03125   0.03125   0.03125   0.03125   0.03125   0.03125   
3   0.03125   0.03125   0.03125   0.03125   0.03125   0.03125   0.03125   
4   0.03125   0.03125   0.03125   0.03125   0.03125   0.03125   0.03125   
5   0.03125   0.03125   0.03125   0.03125   0.03125   0.03125   0.03125   

   '110100'  '110010'  '110001'  '101100'  '101010'  '101001'  '100110'  \
0   0.03125   0.03125   0.03125   0.03125   0.03125   0.03125   0.03125   
1   0.03125   0.03125   0.03125   0.03125   0.03125   0.03125   0.03125   
2   0.03125   0.03125   0.03125   0.03125   0.03125   0.03125   0.03125   
3   0.03125   0.03125   0.03125   0.03125   0.03125   0.03125   0.03125   
4   0.03125   0.03125   0.03125   0.03125   0.03125   0.03125   0.03125   
5   0.03125   0.03125   0.03125   0.03125   0.03125   0.03125   0.03125   

   '100101'  '100011'  '011100'  '011010'  '011001'  '010110'  '010101'  \
0   0.03125   0.03125   0.03125   0.03125   0.03125   0.03125   0.03125   
1   0.03125   0.03125   0.03125   0.03125   0.03125   0.03125   0.03125   
2   0.03125   0.03125   0.03125   0.03125   0.03125   0.03125   0.03125   
3   0.03125   0.03125   0.03125   0.03125   0.03125   0.03125   0.03125   
4   0.03125   0.03125   0.03125   0.03125   0.03125   0.03125   0.03125   
5   0.03125   0.03125   0.03125   0.03125   0.03125   0.03125   0.03125   

   '010011'  '001110'  '001101'  '001011'  '000111'  '111110'  '111101'  \
0   0.03125   0.03125   0.03125   0.03125   0.03125   0.03125   0.03125   
1   0.03125   0.03125   0.03125   0.03125   0.03125   0.03125   0.03125   
2   0.03125   0.03125   0.03125   0.03125   0.03125   0.03125   0.03125   
3   0.03125   0.03125   0.03125   0.03125   0.03125   0.03125   0.03125   
4   0.03125   0.03125   0.03125   0.03125   0.03125   0.03125   0.03125   
5   0.03125   0.03125   0.03125   0.03125   0.03125   0.03125   0.03125   

   '111011'  '110111'  '101111'  '011111'  
0   0.03125   0.03125   0.03125   0.03125  
1   0.03125   0.03125   0.03125   0.03125  
2   0.03125   0.03125   0.03125   0.03125  
3   0.03125   0.03125   0.03125   0.03125  
4   0.03125   0.03125   0.03125   0.03125  
5   0.03125   0.03125   0.03125   0.03125  
