The graph file is:  B2.txt
The corrupted file is:  cor_1.txt

The graph is:
[[-1.  -1.   0.5 -1.   0.5  0.9]
 [-1.  -1.  -1.  -1.   0.4  0.5]
 [ 0.5 -1.  -1.   0.5  0.3 -1. ]
 [-1.  -1.   0.5 -1.  -1.  -1. ]
 [ 0.5  0.4  0.3 -1.  -1.   0.5]
 [ 0.9  0.5 -1.  -1.   0.5 -1. ]]

The corrupted users are:
[1]

The final channel -including the announcements and the coins- is:
   '100000','00'  '001000','00'  '000100','00'  '000010','00'  '000001','00'  \
0         0.0125         0.0125         0.0125         0.0125         0.0125   
2         0.0125         0.0125         0.0125         0.0125         0.0125   
3         0.0125         0.0125         0.0125         0.0125         0.0125   
4         0.0125         0.0125         0.0125         0.0125         0.0125   
5         0.0125         0.0125         0.0125         0.0125         0.0125   

   '101100','00'  '101010','00'  '101001','00'  '100110','00'  '100101','00'  \
0         0.0125         0.0125         0.0125         0.0125         0.0125   
2         0.0125         0.0125         0.0125         0.0125         0.0125   
3         0.0125         0.0125         0.0125         0.0125         0.0125   
4         0.0125         0.0125         0.0125         0.0125         0.0125   
5         0.0125         0.0125         0.0125         0.0125         0.0125   

   '100011','00'  '001110','00'  '001101','00'  '001011','00'  '000111','00'  \
0         0.0125         0.0125         0.0125         0.0125         0.0125   
2         0.0125         0.0125         0.0125         0.0125         0.0125   
3         0.0125         0.0125         0.0125         0.0125         0.0125   
4         0.0125         0.0125         0.0125         0.0125         0.0125   
5         0.0125         0.0125         0.0125         0.0125         0.0125   

   '101111','00'  '010000','10'  '111000','10'  '110100','10'  '110010','10'  \
0         0.0125        0.01875        0.01875        0.01875        0.01875   
2         0.0125        0.01875        0.01875        0.01875        0.01875   
3         0.0125        0.01875        0.01875        0.01875        0.01875   
4         0.0125        0.01875        0.01875        0.01875        0.01875   
5         0.0125        0.01875        0.01875        0.01875        0.01875   

   '110001','10'  '011100','10'  '011010','10'  '011001','10'  '010110','10'  \
0        0.01875        0.01875        0.01875        0.01875        0.01875   
2        0.01875        0.01875        0.01875        0.01875        0.01875   
3        0.01875        0.01875        0.01875        0.01875        0.01875   
4        0.01875        0.01875        0.01875        0.01875        0.01875   
5        0.01875        0.01875        0.01875        0.01875        0.01875   

   '010101','10'  '010011','10'  '111110','10'  '111101','10'  '111011','10'  \
0        0.01875        0.01875        0.01875        0.01875        0.01875   
2        0.01875        0.01875        0.01875        0.01875        0.01875   
3        0.01875        0.01875        0.01875        0.01875        0.01875   
4        0.01875        0.01875        0.01875        0.01875        0.01875   
5        0.01875        0.01875        0.01875        0.01875        0.01875   

   '110111','10'  '011111','10'  '010000','01'  '111000','01'  '110100','01'  \
0        0.01875        0.01875         0.0125         0.0125         0.0125   
2        0.01875        0.01875         0.0125         0.0125         0.0125   
3        0.01875        0.01875         0.0125         0.0125         0.0125   
4        0.01875        0.01875         0.0125         0.0125         0.0125   
5        0.01875        0.01875         0.0125         0.0125         0.0125   

   '110010','01'  '110001','01'  '011100','01'  '011010','01'  '011001','01'  \
0         0.0125         0.0125         0.0125         0.0125         0.0125   
2         0.0125         0.0125         0.0125         0.0125         0.0125   
3         0.0125         0.0125         0.0125         0.0125         0.0125   
4         0.0125         0.0125         0.0125         0.0125         0.0125   
5         0.0125         0.0125         0.0125         0.0125         0.0125   

   '010110','01'  '010101','01'  '010011','01'  '111110','01'  '111101','01'  \
0         0.0125         0.0125         0.0125         0.0125         0.0125   
2         0.0125         0.0125         0.0125         0.0125         0.0125   
3         0.0125         0.0125         0.0125         0.0125         0.0125   
4         0.0125         0.0125         0.0125         0.0125         0.0125   
5         0.0125         0.0125         0.0125         0.0125         0.0125   

   '111011','01'  '110111','01'  '011111','01'  '100000','11'  '001000','11'  \
0         0.0125         0.0125         0.0125        0.01875        0.01875   
2         0.0125         0.0125         0.0125        0.01875        0.01875   
3         0.0125         0.0125         0.0125        0.01875        0.01875   
4         0.0125         0.0125         0.0125        0.01875        0.01875   
5         0.0125         0.0125         0.0125        0.01875        0.01875   

   '000100','11'  '000010','11'  '000001','11'  '101100','11'  '101010','11'  \
0        0.01875        0.01875        0.01875        0.01875        0.01875   
2        0.01875        0.01875        0.01875        0.01875        0.01875   
3        0.01875        0.01875        0.01875        0.01875        0.01875   
4        0.01875        0.01875        0.01875        0.01875        0.01875   
5        0.01875        0.01875        0.01875        0.01875        0.01875   

   '101001','11'  '100110','11'  '100101','11'  '100011','11'  '001110','11'  \
0        0.01875        0.01875        0.01875        0.01875        0.01875   
2        0.01875        0.01875        0.01875        0.01875        0.01875   
3        0.01875        0.01875        0.01875        0.01875        0.01875   
4        0.01875        0.01875        0.01875        0.01875        0.01875   
5        0.01875        0.01875        0.01875        0.01875        0.01875   

   '001101','11'  '001011','11'  '000111','11'  '101111','11'  
0        0.01875        0.01875        0.01875        0.01875  
2        0.01875        0.01875        0.01875        0.01875  
3        0.01875        0.01875        0.01875        0.01875  
4        0.01875        0.01875        0.01875        0.01875  
5        0.01875        0.01875        0.01875        0.01875  
